 49.381905  2.35862609
 45.411823 -1.03310771
 41.349773  0.94287566
 37.158491  1.88799538
 34.272143  2.02754584
 30.153920  5.13093263
 26.269739  5.70584760
 20.468552 15.63333399
 15.681696 15.60290304
 12.656829 11.46562151
  9.931191  8.25604787
 10.598718  7.89218942
 11.324981  7.54052401
 13.104060  5.66855911
 15.666368  6.49086417
 17.274069  1.18216734
 20.346146  3.69782438
 21.719001  3.95997816
 23.841155 -0.13095833
 25.688787  0.81440375
 26.831282 -0.83809305
 27.147129 -1.06055714
 27.663073  0.36415318
 28.116214 -0.50119675
 28.696450  1.66461790
 30.060686  1.77050015
 30.210336 -1.88322603
 31.004959  0.51445811
 31.571541 -2.49823124
 31.181354 -0.84188741
 32.042411 -0.67828281
 31.329571  2.66248909
 33.345759 -1.64597776
 33.198655  3.05971881
 32.154130  1.53393771
 33.328035  0.65379432
 32.276941  0.71034429
 32.726930  0.73643924
 33.330959 -1.49369713
 32.614189 -4.42409702
 33.585788 -3.08610757
 32.712197 -0.79576145
 32.414567  2.67972684
 32.840135  1.48203289
 32.825828 -3.18169056
 33.220776  2.34289295
 31.781851  2.04605037
 30.662884  3.63130743
 29.840204  3.89343429
 26.807802  7.18934795
 24.186067 10.23274194
 20.866368 11.91421049
 18.275149 12.33334019
 18.230400 10.40711077
 17.295063 13.67276010
 18.510238  9.21516155
 21.224837  8.46170691
 23.293096  6.26168405
 25.881177  4.15563693
 28.310983  4.76200921
 28.686213 -1.21100901
 29.221991  1.30358501
 30.132121 -3.15490053
 30.370863  0.54859748
 30.108694 -0.57946732
 31.000622  0.38201608
 30.908575  2.97067984
 31.573554  0.86755993
 30.988994  2.27668021
 31.763566  1.53587197
 31.902776 -0.53455219
 31.035789  3.22245665
 32.666622 -1.45788753
 32.957934  2.44314211
 31.801115  4.39496014
 31.483776  3.07649981
 32.268478 -1.85205194
 31.332194  3.97394453
 32.281583 -0.02810338
 31.619508  1.36238257
 33.079205 -1.24349970
 31.455751 -0.53413446
 31.460503  4.09038928
 31.148170 -1.81958831
 31.305942 -2.02072022
 31.676281  0.69643528
 31.090751  4.46994785
 30.965484  0.39397951
 30.764742 -4.11328299
 30.905018 -0.89571758
 31.647617 -2.45966693
 30.227841  3.39191763
 31.423389  2.12682060
 31.085689 -1.00147201
 30.359227  2.61944487
 31.257151  2.76913365
 31.923887 -0.75560532
 31.256630  0.27662992
 30.695024 -2.39764618
 30.782651 -0.25878111
 29.117123  1.76849017
